4
0.95 3 3
30 90
dirt-straight-hilly:1,5,10,22-23
dirt-straight-flat:11,15,20,28
dirt-slalom-hilly:2-3,8,24
dirt-slalom-flat:12-13,18,29
asphalt-straight-hilly:4,9,26
asphalt-straight-flat:14,19,27
asphalt-slalom-hilly:6-7,21,30
asphalt-slalom-flat:16-17,25
5
mazda:0.1 0.1 0.1 0.1 0.1 0.05 0.05 0.05 0.05 0.1 0.1 0.1
toyota:0.1 0.1 0.1 0.1 0.1 0.05 0.05 0.05 0.05 0.1 0.1 0.1
ferarri:0.1 0.1 0.1 0.1 0.1 0.05 0.05 0.05 0.05 0.1 0.1 0.1
humvee:0.1 0.1 0.1 0.1 0.1 0.05 0.05 0.05 0.05 0.1 0.1 0.1
go-kart:0.1 0.1 0.1 0.1 0.1 0.05 0.05 0.05 0.05 0.1 0.1 0.1
5
stig:0.1 0.1 0.1 0.1 0.1 0.05 0.05 0.05 0.05 0.1 0.1 0.1
schumacher:0.1 0.1 0.1 0.1 0.1 0.05 0.05 0.05 0.05 0.1 0.1 0.1
anakin:0.1 0.1 0.1 0.1 0.1 0.05 0.05 0.05 0.05 0.1 0.1 0.1
mushroom:0.1 0.1 0.1 0.1 0.1 0.05 0.05 0.05 0.05 0.1 0.1 0.1
crash:0.1 0.1 0.1 0.1 0.1 0.05 0.05 0.05 0.05 0.1 0.1 0.1
all-terrain:0.1 0.1 0.1 0.1 0.1 0.05 0.05 0.05 0.05 0.1 0.1 0.1
mud:0.1 0.1 0.1 0.1 0.1 0.05 0.05 0.05 0.05 0.1 0.1 0.1
low-profile:0.1 0.1 0.1 0.1 0.1 0.05 0.05 0.05 0.05 0.1 0.1 0.1
performance:0.1 0.1 0.1 0.1 0.1 0.05 0.05 0.05 0.05 0.1 0.1 0.1
10 10 5 5 10 15 5 5 15 15 20 20 5 15 10 5 15 5 10 5 15 15 20 25 15 30 20 10 5 5 5 5 5 10 10 10 5 5 5 5
0.15 0.1 0.3 0.2 0.1 0.05 0.15 0.1