2
0.95 3 3
10 30
dirt-straight:1
dirt-slalom:2
asphalt-straight:3-6
asphalt-slalom:7-10
2
mazda:0.05 0.05 0.05 0.05 0.05 0.05 0.2 0.2 0.1 0.1 0.05 0.05
toyota:0.05 0.05 0.05 0.05 0.05 0.05 0.2 0.2 0.1 0.1 0.05 0.05
2
stig:0.1 0.1 0.1 0.1 0.1 0.05 0.05 0.05 0.05 0.1 0.1 0.1
schumacher:0.05 0.05 0.05 0.05 0.05 0.05 0.2 0.2 0.1 0.1 0.05 0.05
all-terrain:0.05 0.05 0.05 0.05 0.05 0.05 0.2 0.2 0.1 0.1 0.05 0.05
mud:0.1 0.1 0.1 0.1 0.1 0.05 0.05 0.05 0.05 0.1 0.1 0.1
low-profile:0.1 0.1 0.1 0.1 0.1 0.05 0.05 0.05 0.05 0.1 0.1 0.1
performance:0.1 0.1 0.1 0.1 0.1 0.05 0.05 0.05 0.05 0.1 0.1 0.1
1 1 1 1 50 1 1 50
0.1 0.1 0.1 0.1